img/1804.png 1 1 1 399 399
img/1810.png 1 1 1 399 399
img/1838.png 1 1 1 399 399
img/2470.png 1 1 1 399 399
img/2316.png 1 1 1 399 399
img/2302.png 1 1 1 399 399
img/2464.png 1 1 1 399 399
img/1623.png 1 1 1 399 399
img/1637.png 1 1 1 399 399
img/2458.png 1 1 1 399 399
img/176.png 1 1 1 399 399
img/88.png 1 1 1 399 399
img/2699.png 1 1 1 399 399
img/162.png 1 1 1 399 399
img/189.png 1 1 1 399 399
img/2114.png 1 1 1 399 399
img/2672.png 1 1 1 399 399
img/837.png 1 1 1 399 399
img/77.png 1 1 1 399 399
img/823.png 1 1 1 399 399
img/63.png 1 1 1 399 399
img/2666.png 1 1 1 399 399
img/2100.png 1 1 1 399 399
img/2128.png 1 1 1 399 399
img/1596.png 1 1 1 399 399
img/1569.png 1 1 1 399 399
img/2060.png 1 1 1 399 399
img/2706.png 1 1 1 399 399
img/2712.png 1 1 1 399 399
img/2074.png 1 1 1 399 399
img/1555.png 1 1 1 399 399
img/1541.png 1 1 1 399 399
img/2048.png 1 1 1 399 399
img/1970.png 1 1 1 399 399
img/1964.png 1 1 1 399 399
img/228.png 1 1 1 399 399
img/1794.png 1 1 1 399 399
img/1958.png 1 1 1 399 399
img/214.png 1 1 1 399 399
img/1780.png 1 1 1 399 399
img/2289.png 1 1 1 399 399
img/2262.png 1 1 1 399 399
img/2510.png 1 1 1 399 399
img/2538.png 1 1 1 399 399
img/1757.png 1 1 1 399 399
img/1743.png 1 1 1 399 399
img/1742.png 1 1 1 399 399
img/2539.png 1 1 1 399 399
img/1756.png 1 1 1 399 399
img/2277.png 1 1 1 399 399
img/2511.png 1 1 1 399 399
img/2505.png 1 1 1 399 399
img/2263.png 1 1 1 399 399
img/2288.png 1 1 1 399 399
img/1781.png 1 1 1 399 399
img/215.png 1 1 1 399 399
img/1959.png 1 1 1 399 399
img/201.png 1 1 1 399 399
img/1795.png 1 1 1 399 399
img/229.png 1 1 1 399 399
img/1965.png 1 1 1 399 399
img/2049.png 1 1 1 399 399
img/1540.png 1 1 1 399 399
img/1554.png 1 1 1 399 399
img/2713.png 1 1 1 399 399
img/2075.png 1 1 1 399 399
img/2061.png 1 1 1 399 399
img/1568.png 1 1 1 399 399
img/2707.png 1 1 1 399 399
img/1583.png 1 1 1 399 399
img/1597.png 1 1 1 399 399
img/2129.png 1 1 1 399 399
img/2667.png 1 1 1 399 399
img/62.png 1 1 1 399 399
img/822.png 1 1 1 399 399
img/2101.png 1 1 1 399 399
img/2115.png 1 1 1 399 399
img/188.png 1 1 1 399 399
img/76.png 1 1 1 399 399
img/836.png 1 1 1 399 399
img/2673.png 1 1 1 399 399
img/2698.png 1 1 1 399 399
img/163.png 1 1 1 399 399
img/177.png 1 1 1 399 399
img/89.png 1 1 1 399 399
img/1636.png 1 1 1 399 399
img/2459.png 1 1 1 399 399
img/1622.png 1 1 1 399 399
img/2303.png 1 1 1 399 399
img/2465.png 1 1 1 399 399
img/2471.png 1 1 1 399 399
img/2317.png 1 1 1 399 399
img/1839.png 1 1 1 399 399
img/1811.png 1 1 1 399 399
img/1805.png 1 1 1 399 399
img/1813.png 1 1 1 399 399
img/1807.png 1 1 1 399 399
img/2498.png 1 1 1 399 399
img/2467.png 1 1 1 399 399
img/1608.png 1 1 1 399 399
img/2315.png 1 1 1 399 399
img/2473.png 1 1 1 399 399
img/1634.png 1 1 1 399 399
img/1620.png 1 1 1 399 399
img/2329.png 1 1 1 399 399
img/149.png 1 1 1 399 399
img/161.png 1 1 1 399 399
img/175.png 1 1 1 399 399
img/2103.png 1 1 1 399 399
img/820.png 1 1 1 399 399
img/60.png 1 1 1 399 399
img/2665.png 1 1 1 399 399
img/2671.png 1 1 1 399 399
img/834.png 1 1 1 399 399
img/74.png 1 1 1 399 399
img/2117.png 1 1 1 399 399
img/808.png 1 1 1 399 399
img/48.png 1 1 1 399 399
img/2088.png 1 1 1 399 399
img/1581.png 1 1 1 399 399
img/1595.png 1 1 1 399 399
img/2077.png 1 1 1 399 399
img/2711.png 1 1 1 399 399
img/2705.png 1 1 1 399 399
img/2063.png 1 1 1 399 399
img/1542.png 1 1 1 399 399
img/1556.png 1 1 1 399 399
img/1967.png 1 1 1 399 399
img/1973.png 1 1 1 399 399
img/217.png 1 1 1 399 399
img/1783.png 1 1 1 399 399
img/1797.png 1 1 1 399 399
img/203.png 1 1 1 399 399
img/2513.png 1 1 1 399 399
img/2275.png 1 1 1 399 399
img/2261.png 1 1 1 399 399
img/1768.png 1 1 1 399 399
img/2507.png 1 1 1 399 399
img/1740.png 1 1 1 399 399
img/1998.png 1 1 1 399 399
img/1754.png 1 1 1 399 399
img/1755.png 1 1 1 399 399
img/1999.png 1 1 1 399 399
img/1741.png 1 1 1 399 399
img/2248.png 1 1 1 399 399
img/1769.png 1 1 1 399 399
img/2260.png 1 1 1 399 399
img/2506.png 1 1 1 399 399
img/2512.png 1 1 1 399 399
img/2274.png 1 1 1 399 399
img/202.png 1 1 1 399 399
img/1796.png 1 1 1 399 399
img/1782.png 1 1 1 399 399
img/216.png 1 1 1 399 399
img/1972.png 1 1 1 399 399
img/1966.png 1 1 1 399 399
img/2738.png 1 1 1 399 399
img/1557.png 1 1 1 399 399
img/1543.png 1 1 1 399 399
img/2704.png 1 1 1 399 399
img/2062.png 1 1 1 399 399
img/2076.png 1 1 1 399 399
img/2710.png 1 1 1 399 399
img/1594.png 1 1 1 399 399
img/1580.png 1 1 1 399 399
img/2089.png 1 1 1 399 399
img/49.png 1 1 1 399 399
img/809.png 1 1 1 399 399
img/2658.png 1 1 1 399 399
img/75.png 1 1 1 399 399
img/835.png 1 1 1 399 399
img/2670.png 1 1 1 399 399
img/2116.png 1 1 1 399 399
img/2102.png 1 1 1 399 399
img/2664.png 1 1 1 399 399
img/61.png 1 1 1 399 399
img/821.png 1 1 1 399 399
img/174.png 1 1 1 399 399
img/160.png 1 1 1 399 399
img/148.png 1 1 1 399 399
img/2328.png 1 1 1 399 399
img/1621.png 1 1 1 399 399
img/1635.png 1 1 1 399 399
img/2314.png 1 1 1 399 399
img/2472.png 1 1 1 399 399
img/2466.png 1 1 1 399 399
img/2300.png 1 1 1 399 399
img/1609.png 1 1 1 399 399
img/2499.png 1 1 1 399 399
img/1806.png 1 1 1 399 399
img/1812.png 1 1 1 399 399
img/2489.png 1 1 1 399 399
img/1816.png 1 1 1 399 399
img/1802.png 1 1 1 399 399
img/2338.png 1 1 1 399 399
img/1631.png 1 1 1 399 399
img/1625.png 1 1 1 399 399
img/2304.png 1 1 1 399 399
img/2462.png 1 1 1 399 399
img/2476.png 1 1 1 399 399
img/2310.png 1 1 1 399 399
img/1619.png 1 1 1 399 399
img/170.png 1 1 1 399 399
img/158.png 1 1 1 399 399
img/819.png 1 1 1 399 399
img/59.png 1 1 1 399 399
img/2648.png 1 1 1 399 399
img/825.png 1 1 1 399 399
img/65.png 1 1 1 399 399
img/2660.png 1 1 1 399 399
img/2106.png 1 1 1 399 399
img/2112.png 1 1 1 399 399
img/2674.png 1 1 1 399 399
img/831.png 1 1 1 399 399
img/71.png 1 1 1 399 399
img/1584.png 1 1 1 399 399
img/1590.png 1 1 1 399 399
img/2099.png 1 1 1 399 399
img/2728.png 1 1 1 399 399
img/1547.png 1 1 1 399 399
img/1553.png 1 1 1 399 399
img/2714.png 1 1 1 399 399
img/2072.png 1 1 1 399 399
img/2066.png 1 1 1 399 399
img/2700.png 1 1 1 399 399
img/212.png 1 1 1 399 399
img/1786.png 1 1 1 399 399
img/1792.png 1 1 1 399 399
img/206.png 1 1 1 399 399
img/1962.png 1 1 1 399 399
img/1976.png 1 1 1 399 399
img/1745.png 1 1 1 399 399
img/1751.png 1 1 1 399 399
img/2258.png 1 1 1 399 399
img/1779.png 1 1 1 399 399
img/2270.png 1 1 1 399 399
img/2516.png 1 1 1 399 399
img/2502.png 1 1 1 399 399
img/2264.png 1 1 1 399 399
img/2503.png 1 1 1 399 399
img/2265.png 1 1 1 399 399
img/2271.png 1 1 1 399 399
img/1778.png 1 1 1 399 399
img/2517.png 1 1 1 399 399
img/2259.png 1 1 1 399 399
img/1750.png 1 1 1 399 399
img/1744.png 1 1 1 399 399
img/1977.png 1 1 1 399 399
img/1963.png 1 1 1 399 399
img/207.png 1 1 1 399 399
img/1793.png 1 1 1 399 399
img/1787.png 1 1 1 399 399
img/213.png 1 1 1 399 399
img/2067.png 1 1 1 399 399
img/2701.png 1 1 1 399 399
img/2715.png 1 1 1 399 399
img/2073.png 1 1 1 399 399
img/1552.png 1 1 1 399 399
img/2729.png 1 1 1 399 399
img/1546.png 1 1 1 399 399
img/2098.png 1 1 1 399 399
img/1591.png 1 1 1 399 399
img/1585.png 1 1 1 399 399
img/2113.png 1 1 1 399 399
img/70.png 1 1 1 399 399
img/830.png 1 1 1 399 399
img/2675.png 1 1 1 399 399
img/64.png 1 1 1 399 399
img/824.png 1 1 1 399 399
img/2107.png 1 1 1 399 399
img/2649.png 1 1 1 399 399
img/58.png 1 1 1 399 399
img/818.png 1 1 1 399 399
img/159.png 1 1 1 399 399
img/171.png 1 1 1 399 399
img/165.png 1 1 1 399 399
img/2477.png 1 1 1 399 399
img/1618.png 1 1 1 399 399
img/2311.png 1 1 1 399 399
img/2305.png 1 1 1 399 399
img/2463.png 1 1 1 399 399
img/1624.png 1 1 1 399 399
img/1630.png 1 1 1 399 399
img/2339.png 1 1 1 399 399
img/1803.png 1 1 1 399 399
img/1817.png 1 1 1 399 399
img/2488.png 1 1 1 399 399
img/1829.png 1 1 1 399 399
img/1801.png 1 1 1 399 399
img/1815.png 1 1 1 399 399
img/1626.png 1 1 1 399 399
img/2449.png 1 1 1 399 399
img/1632.png 1 1 1 399 399
img/2313.png 1 1 1 399 399
img/2475.png 1 1 1 399 399
img/2461.png 1 1 1 399 399
img/2307.png 1 1 1 399 399
img/2688.png 1 1 1 399 399
img/173.png 1 1 1 399 399
img/167.png 1 1 1 399 399
img/8.png 1 1 1 399 399
img/2139.png 1 1 1 399 399
img/2677.png 1 1 1 399 399
img/832.png 1 1 1 399 399
img/72.png 1 1 1 399 399
img/2111.png 1 1 1 399 399
img/2105.png 1 1 1 399 399
img/198.png 1 1 1 399 399
img/826.png 1 1 1 399 399
img/66.png 1 1 1 399 399
img/2663.png 1 1 1 399 399
img/1593.png 1 1 1 399 399
img/1587.png 1 1 1 399 399
img/2059.png 1 1 1 399 399
img/1550.png 1 1 1 399 399
img/1544.png 1 1 1 399 399
img/2703.png 1 1 1 399 399
img/2065.png 1 1 1 399 399
img/2071.png 1 1 1 399 399
img/1578.png 1 1 1 399 399
img/2717.png 1 1 1 399 399
img/2298.png 1 1 1 399 399
img/1949.png 1 1 1 399 399
img/1791.png 1 1 1 399 399
img/205.png 1 1 1 399 399
img/211.png 1 1 1 399 399
img/1785.png 1 1 1 399 399
img/1975.png 1 1 1 399 399
img/239.png 1 1 1 399 399
img/1961.png 1 1 1 399 399
img/1752.png 1 1 1 399 399
img/2529.png 1 1 1 399 399
img/1746.png 1 1 1 399 399
img/2267.png 1 1 1 399 399
img/2501.png 1 1 1 399 399
img/2515.png 1 1 1 399 399
img/2273.png 1 1 1 399 399
img/2514.png 1 1 1 399 399
img/2272.png 1 1 1 399 399
img/2266.png 1 1 1 399 399
img/2500.png 1 1 1 399 399
img/2528.png 1 1 1 399 399
img/1747.png 1 1 1 399 399
img/1753.png 1 1 1 399 399
img/1960.png 1 1 1 399 399
img/238.png 1 1 1 399 399
img/1784.png 1 1 1 399 399
img/210.png 1 1 1 399 399
img/204.png 1 1 1 399 399
img/1790.png 1 1 1 399 399
img/1948.png 1 1 1 399 399
img/2299.png 1 1 1 399 399
img/1579.png 1 1 1 399 399
img/2070.png 1 1 1 399 399
img/2716.png 1 1 1 399 399
img/2702.png 1 1 1 399 399
img/2064.png 1 1 1 399 399
img/1545.png 1 1 1 399 399
img/1551.png 1 1 1 399 399
img/2058.png 1 1 1 399 399
img/1592.png 1 1 1 399 399
img/199.png 1 1 1 399 399
img/2104.png 1 1 1 399 399
img/2662.png 1 1 1 399 399
img/67.png 1 1 1 399 399
img/827.png 1 1 1 399 399
img/73.png 1 1 1 399 399
img/833.png 1 1 1 399 399
img/2676.png 1 1 1 399 399
img/2110.png 1 1 1 399 399
img/2138.png 1 1 1 399 399
img/9.png 1 1 1 399 399
img/166.png 1 1 1 399 399
img/98.png 1 1 1 399 399
img/2689.png 1 1 1 399 399
img/172.png 1 1 1 399 399
img/2460.png 1 1 1 399 399
img/2306.png 1 1 1 399 399
img/2312.png 1 1 1 399 399
img/2474.png 1 1 1 399 399
img/1633.png 1 1 1 399 399
img/1627.png 1 1 1 399 399
img/2448.png 1 1 1 399 399
img/1814.png 1 1 1 399 399
img/1800.png 1 1 1 399 399
img/1828.png 1 1 1 399 399
img/1867.png 1 1 1 399 399
img/1873.png 1 1 1 399 399
img/1683.png 1 1 1 399 399
img/1697.png 1 1 1 399 399
img/2375.png 1 1 1 399 399
img/2413.png 1 1 1 399 399
img/2407.png 1 1 1 399 399
img/2361.png 1 1 1 399 399
img/1668.png 1 1 1 399 399
img/2349.png 1 1 1 399 399
img/1898.png 1 1 1 399 399
img/1640.png 1 1 1 399 399
img/1654.png 1 1 1 399 399
img/897.png 1 1 1 399 399
img/883.png 1 1 1 399 399
img/2188.png 1 1 1 399 399
img/115.png 1 1 1 399 399
img/854.png 1 1 1 399 399
img/2611.png 1 1 1 399 399
img/2177.png 1 1 1 399 399
img/2163.png 1 1 1 399 399
img/2605.png 1 1 1 399 399
img/840.png 1 1 1 399 399
img/868.png 1 1 1 399 399
img/28.png 1 1 1 399 399
img/2639.png 1 1 1 399 399
img/2765.png 1 1 1 399 399
img/2003.png 1 1 1 399 399
img/2017.png 1 1 1 399 399
img/2759.png 1 1 1 399 399
img/1536.png 1 1 1 399 399
img/1522.png 1 1 1 399 399
img/1913.png 1 1 1 399 399
img/1907.png 1 1 1 399 399
img/263.png 1 1 1 399 399
img/2598.png 1 1 1 399 399
img/277.png 1 1 1 399 399
img/1708.png 1 1 1 399 399
img/2201.png 1 1 1 399 399
img/2567.png 1 1 1 399 399
img/2573.png 1 1 1 399 399
img/2215.png 1 1 1 399 399
img/288.png 1 1 1 399 399
img/1734.png 1 1 1 399 399
img/1720.png 1 1 1 399 399
img/2229.png 1 1 1 399 399
img/2228.png 1 1 1 399 399
img/1721.png 1 1 1 399 399
img/1735.png 1 1 1 399 399
img/2572.png 1 1 1 399 399
img/289.png 1 1 1 399 399
img/2214.png 1 1 1 399 399
img/2200.png 1 1 1 399 399
img/1709.png 1 1 1 399 399
img/2566.png 1 1 1 399 399
img/276.png 1 1 1 399 399
img/262.png 1 1 1 399 399
img/2599.png 1 1 1 399 399
img/1906.png 1 1 1 399 399
img/1912.png 1 1 1 399 399
img/1523.png 1 1 1 399 399
img/2758.png 1 1 1 399 399
img/1537.png 1 1 1 399 399
img/2016.png 1 1 1 399 399
img/2764.png 1 1 1 399 399
img/2002.png 1 1 1 399 399
img/2638.png 1 1 1 399 399
img/29.png 1 1 1 399 399
img/869.png 1 1 1 399 399
img/2162.png 1 1 1 399 399
img/841.png 1 1 1 399 399
img/2604.png 1 1 1 399 399
img/2610.png 1 1 1 399 399
img/855.png 1 1 1 399 399
img/2176.png 1 1 1 399 399
img/114.png 1 1 1 399 399
img/2189.png 1 1 1 399 399
img/882.png 1 1 1 399 399
img/896.png 1 1 1 399 399
img/128.png 1 1 1 399 399
img/1655.png 1 1 1 399 399
img/1641.png 1 1 1 399 399
img/1899.png 1 1 1 399 399
img/2348.png 1 1 1 399 399
img/2406.png 1 1 1 399 399
img/1669.png 1 1 1 399 399
img/2360.png 1 1 1 399 399
img/2374.png 1 1 1 399 399
img/2412.png 1 1 1 399 399
img/1696.png 1 1 1 399 399
img/1682.png 1 1 1 399 399
img/1872.png 1 1 1 399 399
img/1866.png 1 1 1 399 399
img/1870.png 1 1 1 399 399
img/1864.png 1 1 1 399 399
img/300.png 1 1 1 399 399
img/1694.png 1 1 1 399 399
img/1680.png 1 1 1 399 399
img/1858.png 1 1 1 399 399
img/2389.png 1 1 1 399 399
img/2362.png 1 1 1 399 399
img/2404.png 1 1 1 399 399
img/2410.png 1 1 1 399 399
img/2376.png 1 1 1 399 399
img/1643.png 1 1 1 399 399
img/880.png 1 1 1 399 399
img/894.png 1 1 1 399 399
img/116.png 1 1 1 399 399
img/2606.png 1 1 1 399 399
img/843.png 1 1 1 399 399
img/2160.png 1 1 1 399 399
img/2174.png 1 1 1 399 399
img/857.png 1 1 1 399 399
img/17.png 1 1 1 399 399
img/2612.png 1 1 1 399 399
img/2148.png 1 1 1 399 399
img/2014.png 1 1 1 399 399
img/2000.png 1 1 1 399 399
img/1509.png 1 1 1 399 399
img/2766.png 1 1 1 399 399
img/2028.png 1 1 1 399 399
img/1521.png 1 1 1 399 399
img/1535.png 1 1 1 399 399
img/1910.png 1 1 1 399 399
img/1938.png 1 1 1 399 399
img/274.png 1 1 1 399 399
img/260.png 1 1 1 399 399
img/2216.png 1 1 1 399 399
img/2570.png 1 1 1 399 399
img/2564.png 1 1 1 399 399
img/2202.png 1 1 1 399 399
img/1723.png 1 1 1 399 399
img/2558.png 1 1 1 399 399
img/1737.png 1 1 1 399 399
img/2559.png 1 1 1 399 399
img/1736.png 1 1 1 399 399
img/1722.png 1 1 1 399 399
img/2565.png 1 1 1 399 399
img/2203.png 1 1 1 399 399
img/2217.png 1 1 1 399 399
img/2571.png 1 1 1 399 399
img/261.png 1 1 1 399 399
img/275.png 1 1 1 399 399
img/1939.png 1 1 1 399 399
img/1911.png 1 1 1 399 399
img/1905.png 1 1 1 399 399
img/1534.png 1 1 1 399 399
img/1520.png 1 1 1 399 399
img/2029.png 1 1 1 399 399
img/1508.png 1 1 1 399 399
img/2001.png 1 1 1 399 399
img/2767.png 1 1 1 399 399
img/2149.png 1 1 1 399 399
img/2175.png 1 1 1 399 399
img/2613.png 1 1 1 399 399
img/16.png 1 1 1 399 399
img/856.png 1 1 1 399 399
img/842.png 1 1 1 399 399
img/2607.png 1 1 1 399 399
img/2161.png 1 1 1 399 399
img/895.png 1 1 1 399 399
img/881.png 1 1 1 399 399
img/1642.png 1 1 1 399 399
img/2439.png 1 1 1 399 399
img/2411.png 1 1 1 399 399
img/2377.png 1 1 1 399 399
img/2363.png 1 1 1 399 399
img/2405.png 1 1 1 399 399
img/2388.png 1 1 1 399 399
img/1681.png 1 1 1 399 399
img/1695.png 1 1 1 399 399
img/1865.png 1 1 1 399 399
img/1871.png 1 1 1 399 399
img/2398.png 1 1 1 399 399
img/1691.png 1 1 1 399 399
img/1849.png 1 1 1 399 399
img/1685.png 1 1 1 399 399
img/1875.png 1 1 1 399 399
img/1652.png 1 1 1 399 399
img/1646.png 1 1 1 399 399
img/2429.png 1 1 1 399 399
img/2401.png 1 1 1 399 399
img/2367.png 1 1 1 399 399
img/2373.png 1 1 1 399 399
img/2415.png 1 1 1 399 399
img/885.png 1 1 1 399 399
img/891.png 1 1 1 399 399
img/2159.png 1 1 1 399 399
img/2165.png 1 1 1 399 399
img/2603.png 1 1 1 399 399
img/846.png 1 1 1 399 399
img/852.png 1 1 1 399 399
img/12.png 1 1 1 399 399
img/2617.png 1 1 1 399 399
img/2171.png 1 1 1 399 399
img/1524.png 1 1 1 399 399
img/1530.png 1 1 1 399 399
img/2039.png 1 1 1 399 399
img/1518.png 1 1 1 399 399
img/2011.png 1 1 1 399 399
img/2763.png 1 1 1 399 399
img/2005.png 1 1 1 399 399
img/271.png 1 1 1 399 399
img/1929.png 1 1 1 399 399
img/265.png 1 1 1 399 399
img/1915.png 1 1 1 399 399
img/259.png 1 1 1 399 399
img/2549.png 1 1 1 399 399
img/1726.png 1 1 1 399 399
img/1732.png 1 1 1 399 399
img/2575.png 1 1 1 399 399
img/2213.png 1 1 1 399 399
img/2207.png 1 1 1 399 399
img/2561.png 1 1 1 399 399
img/2206.png 1 1 1 399 399
img/2560.png 1 1 1 399 399
img/2574.png 1 1 1 399 399
img/2212.png 1 1 1 399 399
img/1733.png 1 1 1 399 399
img/2548.png 1 1 1 399 399
img/1727.png 1 1 1 399 399
img/258.png 1 1 1 399 399
img/1914.png 1 1 1 399 399
img/1900.png 1 1 1 399 399
img/264.png 1 1 1 399 399
img/1928.png 1 1 1 399 399
img/270.png 1 1 1 399 399
img/2762.png 1 1 1 399 399
img/2004.png 1 1 1 399 399
img/1519.png 1 1 1 399 399
img/2038.png 1 1 1 399 399
img/1531.png 1 1 1 399 399
img/1525.png 1 1 1 399 399
img/2616.png 1 1 1 399 399
img/13.png 1 1 1 399 399
img/853.png 1 1 1 399 399
img/2170.png 1 1 1 399 399
img/2164.png 1 1 1 399 399
img/847.png 1 1 1 399 399
img/2602.png 1 1 1 399 399
img/2158.png 1 1 1 399 399
img/890.png 1 1 1 399 399
img/884.png 1 1 1 399 399
img/106.png 1 1 1 399 399
img/2372.png 1 1 1 399 399
img/2414.png 1 1 1 399 399
img/2400.png 1 1 1 399 399
img/2366.png 1 1 1 399 399
img/1647.png 1 1 1 399 399
img/2428.png 1 1 1 399 399
img/1653.png 1 1 1 399 399
img/1860.png 1 1 1 399 399
img/1874.png 1 1 1 399 399
img/1684.png 1 1 1 399 399
img/1848.png 1 1 1 399 399
img/1690.png 1 1 1 399 399
img/2399.png 1 1 1 399 399
img/1686.png 1 1 1 399 399
img/1692.png 1 1 1 399 399
img/1862.png 1 1 1 399 399
img/1876.png 1 1 1 399 399
img/1645.png 1 1 1 399 399
img/1889.png 1 1 1 399 399
img/1651.png 1 1 1 399 399
img/2358.png 1 1 1 399 399
img/2416.png 1 1 1 399 399
img/1679.png 1 1 1 399 399
img/2370.png 1 1 1 399 399
img/2364.png 1 1 1 399 399
img/2402.png 1 1 1 399 399
img/110.png 1 1 1 399 399
img/2199.png 1 1 1 399 399
img/892.png 1 1 1 399 399
img/886.png 1 1 1 399 399
img/138.png 1 1 1 399 399
img/2628.png 1 1 1 399 399
img/879.png 1 1 1 399 399
img/39.png 1 1 1 399 399
img/2172.png 1 1 1 399 399
img/851.png 1 1 1 399 399
img/11.png 1 1 1 399 399
img/2614.png 1 1 1 399 399
img/2600.png 1 1 1 399 399
img/845.png 1 1 1 399 399
img/2166.png 1 1 1 399 399
img/1533.png 1 1 1 399 399
img/2748.png 1 1 1 399 399
img/1527.png 1 1 1 399 399
img/2006.png 1 1 1 399 399
img/2760.png 1 1 1 399 399
img/2012.png 1 1 1 399 399
img/266.png 1 1 1 399 399
img/272.png 1 1 1 399 399
img/2589.png 1 1 1 399 399
img/1916.png 1 1 1 399 399
img/2238.png 1 1 1 399 399
img/1731.png 1 1 1 399 399
img/1725.png 1 1 1 399 399
img/2562.png 1 1 1 399 399
img/299.png 1 1 1 399 399
img/2204.png 1 1 1 399 399
img/2210.png 1 1 1 399 399
img/1719.png 1 1 1 399 399
img/2576.png 1 1 1 399 399
img/1718.png 1 1 1 399 399
img/2211.png 1 1 1 399 399
img/2577.png 1 1 1 399 399
img/2563.png 1 1 1 399 399
img/2205.png 1 1 1 399 399
img/298.png 1 1 1 399 399
img/1724.png 1 1 1 399 399
img/1730.png 1 1 1 399 399
img/2239.png 1 1 1 399 399
img/1903.png 1 1 1 399 399
img/1917.png 1 1 1 399 399
img/273.png 1 1 1 399 399
img/2588.png 1 1 1 399 399
img/267.png 1 1 1 399 399
img/2013.png 1 1 1 399 399
img/2007.png 1 1 1 399 399
img/2761.png 1 1 1 399 399
img/2749.png 1 1 1 399 399
img/1526.png 1 1 1 399 399
img/1532.png 1 1 1 399 399
img/844.png 1 1 1 399 399
img/2601.png 1 1 1 399 399
img/2167.png 1 1 1 399 399
img/2173.png 1 1 1 399 399
img/2615.png 1 1 1 399 399
img/10.png 1 1 1 399 399
img/850.png 1 1 1 399 399
img/38.png 1 1 1 399 399
img/878.png 1 1 1 399 399
img/2629.png 1 1 1 399 399
img/887.png 1 1 1 399 399
img/139.png 1 1 1 399 399
img/893.png 1 1 1 399 399
img/2198.png 1 1 1 399 399
img/2365.png 1 1 1 399 399
img/2403.png 1 1 1 399 399
img/2417.png 1 1 1 399 399
img/2371.png 1 1 1 399 399
img/1678.png 1 1 1 399 399
img/2359.png 1 1 1 399 399
img/1650.png 1 1 1 399 399
img/1888.png 1 1 1 399 399
img/1644.png 1 1 1 399 399
img/1877.png 1 1 1 399 399
img/1863.png 1 1 1 399 399
img/1693.png 1 1 1 399 399
img/1687.png 1 1 1 399 399
img/1846.png 1 1 1 399 399
img/2397.png 1 1 1 399 399
img/2383.png 1 1 1 399 399
img/2354.png 1 1 1 399 399
img/1885.png 1 1 1 399 399
img/2432.png 1 1 1 399 399
img/2426.png 1 1 1 399 399
img/1891.png 1 1 1 399 399
img/1649.png 1 1 1 399 399
img/2340.png 1 1 1 399 399
img/1661.png 1 1 1 399 399
img/2368.png 1 1 1 399 399
img/1675.png 1 1 1 399 399
img/2195.png 1 1 1 399 399
img/2181.png 1 1 1 399 399
img/134.png 1 1 1 399 399
img/2630.png 1 1 1 399 399
img/875.png 1 1 1 399 399
img/35.png 1 1 1 399 399
img/2156.png 1 1 1 399 399
img/2142.png 1 1 1 399 399
img/861.png 1 1 1 399 399
img/21.png 1 1 1 399 399
img/2624.png 1 1 1 399 399
img/849.png 1 1 1 399 399
img/2618.png 1 1 1 399 399
img/2744.png 1 1 1 399 399
img/2022.png 1 1 1 399 399
img/2036.png 1 1 1 399 399
img/2750.png 1 1 1 399 399
img/1517.png 1 1 1 399 399
img/1503.png 1 1 1 399 399
img/1932.png 1 1 1 399 399
img/2585.png 1 1 1 399 399
img/2591.png 1 1 1 399 399
img/1926.png 1 1 1 399 399
img/242.png 1 1 1 399 399
img/256.png 1 1 1 399 399
img/2220.png 1 1 1 399 399
img/1729.png 1 1 1 399 399
img/2546.png 1 1 1 399 399
img/2552.png 1 1 1 399 399
img/2234.png 1 1 1 399 399
img/281.png 1 1 1 399 399
img/1715.png 1 1 1 399 399
img/2208.png 1 1 1 399 399
img/1701.png 1 1 1 399 399
img/295.png 1 1 1 399 399
img/294.png 1 1 1 399 399
img/1700.png 1 1 1 399 399
img/2209.png 1 1 1 399 399
img/1714.png 1 1 1 399 399
img/280.png 1 1 1 399 399
img/2553.png 1 1 1 399 399
img/2235.png 1 1 1 399 399
img/1728.png 1 1 1 399 399
img/2221.png 1 1 1 399 399
img/2547.png 1 1 1 399 399
img/257.png 1 1 1 399 399
img/243.png 1 1 1 399 399
img/2590.png 1 1 1 399 399
img/1927.png 1 1 1 399 399
img/1933.png 1 1 1 399 399
img/2584.png 1 1 1 399 399
img/1502.png 1 1 1 399 399
img/1516.png 1 1 1 399 399
img/2037.png 1 1 1 399 399
img/2751.png 1 1 1 399 399
img/2745.png 1 1 1 399 399
img/2023.png 1 1 1 399 399
img/2619.png 1 1 1 399 399
img/848.png 1 1 1 399 399
img/2143.png 1 1 1 399 399
img/2625.png 1 1 1 399 399
img/20.png 1 1 1 399 399
img/860.png 1 1 1 399 399
img/34.png 1 1 1 399 399
img/874.png 1 1 1 399 399
img/2631.png 1 1 1 399 399
img/2157.png 1 1 1 399 399
img/121.png 1 1 1 399 399
img/135.png 1 1 1 399 399
img/2180.png 1 1 1 399 399
img/2194.png 1 1 1 399 399
img/1674.png 1 1 1 399 399
img/2369.png 1 1 1 399 399
img/1660.png 1 1 1 399 399
img/2427.png 1 1 1 399 399
img/2341.png 1 1 1 399 399
img/1648.png 1 1 1 399 399
img/1890.png 1 1 1 399 399
img/1884.png 1 1 1 399 399
img/2355.png 1 1 1 399 399
img/2433.png 1 1 1 399 399
img/2396.png 1 1 1 399 399
img/1847.png 1 1 1 399 399
img/1689.png 1 1 1 399 399
img/1845.png 1 1 1 399 399
img/2394.png 1 1 1 399 399
img/1879.png 1 1 1 399 399
img/1892.png 1 1 1 399 399
img/2343.png 1 1 1 399 399
img/2425.png 1 1 1 399 399
img/2431.png 1 1 1 399 399
img/2357.png 1 1 1 399 399
img/1886.png 1 1 1 399 399
img/1676.png 1 1 1 399 399
img/2419.png 1 1 1 399 399
img/1662.png 1 1 1 399 399
img/2182.png 1 1 1 399 399
img/2196.png 1 1 1 399 399
img/137.png 1 1 1 399 399
img/889.png 1 1 1 399 399
img/862.png 1 1 1 399 399
img/22.png 1 1 1 399 399
img/2627.png 1 1 1 399 399
img/2141.png 1 1 1 399 399
img/2155.png 1 1 1 399 399
img/2633.png 1 1 1 399 399
img/876.png 1 1 1 399 399
img/36.png 1 1 1 399 399
img/2169.png 1 1 1 399 399
img/2753.png 1 1 1 399 399
img/2035.png 1 1 1 399 399
img/1528.png 1 1 1 399 399
img/2021.png 1 1 1 399 399
img/2747.png 1 1 1 399 399
img/1500.png 1 1 1 399 399
img/1514.png 1 1 1 399 399
img/1925.png 1 1 1 399 399
img/269.png 1 1 1 399 399
img/2592.png 1 1 1 399 399
img/2586.png 1 1 1 399 399
img/1931.png 1 1 1 399 399
img/1919.png 1 1 1 399 399
img/255.png 1 1 1 399 399
img/241.png 1 1 1 399 399
img/2237.png 1 1 1 399 399
img/2551.png 1 1 1 399 399
img/2545.png 1 1 1 399 399
img/2223.png 1 1 1 399 399
img/1702.png 1 1 1 399 399
img/296.png 1 1 1 399 399
img/2579.png 1 1 1 399 399
img/282.png 1 1 1 399 399
img/1716.png 1 1 1 399 399
img/2578.png 1 1 1 399 399
img/1717.png 1 1 1 399 399
img/283.png 1 1 1 399 399
img/297.png 1 1 1 399 399
img/1703.png 1 1 1 399 399
img/2544.png 1 1 1 399 399
img/2222.png 1 1 1 399 399
img/2236.png 1 1 1 399 399
img/2550.png 1 1 1 399 399
img/240.png 1 1 1 399 399
img/254.png 1 1 1 399 399
img/1918.png 1 1 1 399 399
img/2587.png 1 1 1 399 399
img/1930.png 1 1 1 399 399
img/268.png 1 1 1 399 399
img/1924.png 1 1 1 399 399
img/2593.png 1 1 1 399 399
img/1515.png 1 1 1 399 399
img/2020.png 1 1 1 399 399
img/1529.png 1 1 1 399 399
img/2746.png 1 1 1 399 399
img/2752.png 1 1 1 399 399
img/2034.png 1 1 1 399 399
img/2168.png 1 1 1 399 399
img/2154.png 1 1 1 399 399
img/37.png 1 1 1 399 399
img/877.png 1 1 1 399 399
img/2632.png 1 1 1 399 399
img/2626.png 1 1 1 399 399
img/23.png 1 1 1 399 399
img/863.png 1 1 1 399 399
img/2140.png 1 1 1 399 399
img/136.png 1 1 1 399 399
img/888.png 1 1 1 399 399
img/122.png 1 1 1 399 399
img/2197.png 1 1 1 399 399
img/2183.png 1 1 1 399 399
img/1663.png 1 1 1 399 399
img/1677.png 1 1 1 399 399
img/2418.png 1 1 1 399 399
img/2430.png 1 1 1 399 399
img/1887.png 1 1 1 399 399
img/2356.png 1 1 1 399 399
img/2342.png 1 1 1 399 399
img/2424.png 1 1 1 399 399
img/1878.png 1 1 1 399 399
img/2395.png 1 1 1 399 399
img/1844.png 1 1 1 399 399
img/1850.png 1 1 1 399 399
img/1688.png 1 1 1 399 399
img/2381.png 1 1 1 399 399
img/1868.png 1 1 1 399 399
img/2385.png 1 1 1 399 399
img/1698.png 1 1 1 399 399
img/1840.png 1 1 1 399 399
img/2391.png 1 1 1 399 399
img/1673.png 1 1 1 399 399
img/1667.png 1 1 1 399 399
img/2408.png 1 1 1 399 399
img/2420.png 1 1 1 399 399
img/1897.png 1 1 1 399 399
img/2346.png 1 1 1 399 399
img/2352.png 1 1 1 399 399
img/1883.png 1 1 1 399 399
img/2434.png 1 1 1 399 399
img/126.png 1 1 1 399 399
img/898.png 1 1 1 399 399
img/132.png 1 1 1 399 399
img/2187.png 1 1 1 399 399
img/2193.png 1 1 1 399 399
img/2178.png 1 1 1 399 399
img/2144.png 1 1 1 399 399
img/867.png 1 1 1 399 399
img/27.png 1 1 1 399 399
img/2622.png 1 1 1 399 399
img/2636.png 1 1 1 399 399
img/873.png 1 1 1 399 399
img/33.png 1 1 1 399 399
img/2150.png 1 1 1 399 399
img/1505.png 1 1 1 399 399
img/2018.png 1 1 1 399 399
img/1511.png 1 1 1 399 399
img/2030.png 1 1 1 399 399
img/1539.png 1 1 1 399 399
img/2756.png 1 1 1 399 399
img/2742.png 1 1 1 399 399
img/2024.png 1 1 1 399 399
img/250.png 1 1 1 399 399
img/1908.png 1 1 1 399 399
img/2597.png 1 1 1 399 399
img/1920.png 1 1 1 399 399
img/1934.png 1 1 1 399 399
img/278.png 1 1 1 399 399
img/2583.png 1 1 1 399 399
img/2568.png 1 1 1 399 399
img/1707.png 1 1 1 399 399
img/293.png 1 1 1 399 399
img/287.png 1 1 1 399 399
img/1713.png 1 1 1 399 399
img/2554.png 1 1 1 399 399
img/2232.png 1 1 1 399 399
img/2226.png 1 1 1 399 399
img/2540.png 1 1 1 399 399
img/2227.png 1 1 1 399 399
img/2541.png 1 1 1 399 399
img/2555.png 1 1 1 399 399
img/2233.png 1 1 1 399 399
img/1712.png 1 1 1 399 399
img/286.png 1 1 1 399 399
img/2569.png 1 1 1 399 399
img/292.png 1 1 1 399 399
img/1706.png 1 1 1 399 399
img/279.png 1 1 1 399 399
img/1935.png 1 1 1 399 399
img/2582.png 1 1 1 399 399
img/2596.png 1 1 1 399 399
img/1921.png 1 1 1 399 399
img/1909.png 1 1 1 399 399
img/251.png 1 1 1 399 399
img/2743.png 1 1 1 399 399
img/2025.png 1 1 1 399 399
img/1538.png 1 1 1 399 399
img/2031.png 1 1 1 399 399
img/2757.png 1 1 1 399 399
img/1510.png 1 1 1 399 399
img/2019.png 1 1 1 399 399
img/1504.png 1 1 1 399 399
img/32.png 1 1 1 399 399
img/872.png 1 1 1 399 399
img/2637.png 1 1 1 399 399
img/2151.png 1 1 1 399 399
img/2145.png 1 1 1 399 399
img/2623.png 1 1 1 399 399
img/26.png 1 1 1 399 399
img/866.png 1 1 1 399 399
img/2179.png 1 1 1 399 399
img/2192.png 1 1 1 399 399
img/2186.png 1 1 1 399 399
img/133.png 1 1 1 399 399
img/127.png 1 1 1 399 399
img/899.png 1 1 1 399 399
img/1882.png 1 1 1 399 399
img/2353.png 1 1 1 399 399
img/2435.png 1 1 1 399 399
img/2421.png 1 1 1 399 399
img/2347.png 1 1 1 399 399
img/1896.png 1 1 1 399 399
img/1666.png 1 1 1 399 399
img/2409.png 1 1 1 399 399
img/1672.png 1 1 1 399 399
img/2390.png 1 1 1 399 399
img/1841.png 1 1 1 399 399
img/1699.png 1 1 1 399 399
img/2384.png 1 1 1 399 399
img/1869.png 1 1 1 399 399
img/1843.png 1 1 1 399 399
img/2392.png 1 1 1 399 399
img/1857.png 1 1 1 399 399
img/1664.png 1 1 1 399 399
img/2379.png 1 1 1 399 399
img/1670.png 1 1 1 399 399
img/2437.png 1 1 1 399 399
img/2351.png 1 1 1 399 399
img/1658.png 1 1 1 399 399
img/2345.png 1 1 1 399 399
img/2423.png 1 1 1 399 399
img/131.png 1 1 1 399 399
img/125.png 1 1 1 399 399
img/2190.png 1 1 1 399 399
img/119.png 1 1 1 399 399
img/2184.png 1 1 1 399 399
img/2609.png 1 1 1 399 399
img/858.png 1 1 1 399 399
img/18.png 1 1 1 399 399
img/2153.png 1 1 1 399 399
img/2635.png 1 1 1 399 399
img/870.png 1 1 1 399 399
img/30.png 1 1 1 399 399
img/864.png 1 1 1 399 399
img/24.png 1 1 1 399 399
img/2621.png 1 1 1 399 399
img/2147.png 1 1 1 399 399
img/1512.png 1 1 1 399 399
img/2769.png 1 1 1 399 399
img/1506.png 1 1 1 399 399
img/2027.png 1 1 1 399 399
img/2741.png 1 1 1 399 399
img/2755.png 1 1 1 399 399
img/2033.png 1 1 1 399 399
img/247.png 1 1 1 399 399
img/253.png 1 1 1 399 399
img/2580.png 1 1 1 399 399
img/1937.png 1 1 1 399 399
img/1923.png 1 1 1 399 399
img/2594.png 1 1 1 399 399
img/284.png 1 1 1 399 399
img/1710.png 1 1 1 399 399
img/2219.png 1 1 1 399 399
img/1704.png 1 1 1 399 399
img/290.png 1 1 1 399 399
img/2543.png 1 1 1 399 399
img/2225.png 1 1 1 399 399
img/1738.png 1 1 1 399 399
img/2231.png 1 1 1 399 399
img/2557.png 1 1 1 399 399
img/2230.png 1 1 1 399 399
img/1739.png 1 1 1 399 399
img/2556.png 1 1 1 399 399
img/2542.png 1 1 1 399 399
img/2224.png 1 1 1 399 399
img/291.png 1 1 1 399 399
img/1705.png 1 1 1 399 399
img/2218.png 1 1 1 399 399
img/1711.png 1 1 1 399 399
img/285.png 1 1 1 399 399
img/1922.png 1 1 1 399 399
img/2595.png 1 1 1 399 399
img/2581.png 1 1 1 399 399
img/1936.png 1 1 1 399 399
img/252.png 1 1 1 399 399
img/2754.png 1 1 1 399 399
img/2032.png 1 1 1 399 399
img/2026.png 1 1 1 399 399
img/2740.png 1 1 1 399 399
img/2768.png 1 1 1 399 399
img/1507.png 1 1 1 399 399
img/1513.png 1 1 1 399 399
img/2620.png 1 1 1 399 399
img/25.png 1 1 1 399 399
img/865.png 1 1 1 399 399
img/2146.png 1 1 1 399 399
img/2152.png 1 1 1 399 399
img/31.png 1 1 1 399 399
img/871.png 1 1 1 399 399
img/2634.png 1 1 1 399 399
img/19.png 1 1 1 399 399
img/859.png 1 1 1 399 399
img/2608.png 1 1 1 399 399
img/2185.png 1 1 1 399 399
img/2191.png 1 1 1 399 399
img/124.png 1 1 1 399 399
img/130.png 1 1 1 399 399
img/2344.png 1 1 1 399 399
img/1895.png 1 1 1 399 399
img/2422.png 1 1 1 399 399
img/2436.png 1 1 1 399 399
img/1659.png 1 1 1 399 399
img/1881.png 1 1 1 399 399
img/2350.png 1 1 1 399 399
img/1671.png 1 1 1 399 399
img/2378.png 1 1 1 399 399
img/1665.png 1 1 1 399 399
img/2387.png 1 1 1 399 399
img/2393.png 1 1 1 399 399
img/1842.png 1 1 1 399 399
img/2492.png 1 1 1 399 399
img/1825.png 1 1 1 399 399
img/1831.png 1 1 1 399 399
img/2486.png 1 1 1 399 399
img/1819.png 1 1 1 399 399
img/2451.png 1 1 1 399 399
img/2337.png 1 1 1 399 399
img/2323.png 1 1 1 399 399
img/2445.png 1 1 1 399 399
img/1602.png 1 1 1 399 399
img/1616.png 1 1 1 399 399
img/2479.png 1 1 1 399 399
img/95.png 1 1 1 399 399
img/81.png 1 1 1 399 399
img/157.png 1 1 1 399 399
img/143.png 1 1 1 399 399
img/4.png 1 1 1 399 399
img/2135.png 1 1 1 399 399
img/816.png 1 1 1 399 399
img/56.png 1 1 1 399 399
img/2647.png 1 1 1 399 399
img/802.png 1 1 1 399 399
img/42.png 1 1 1 399 399
img/2121.png 1 1 1 399 399
img/194.png 1 1 1 399 399
img/2109.png 1 1 1 399 399
img/180.png 1 1 1 399 399
img/2082.png 1 1 1 399 399
img/2096.png 1 1 1 399 399
img/2041.png 1 1 1 399 399
img/1548.png 1 1 1 399 399
img/2727.png 1 1 1 399 399
img/2733.png 1 1 1 399 399
img/2055.png 1 1 1 399 399
img/1574.png 1 1 1 399 399
img/2069.png 1 1 1 399 399
img/1560.png 1 1 1 399 399
img/2280.png 1 1 1 399 399
img/1951.png 1 1 1 399 399
img/1789.png 1 1 1 399 399
img/1945.png 1 1 1 399 399
img/209.png 1 1 1 399 399
img/2294.png 1 1 1 399 399
img/221.png 1 1 1 399 399
img/1979.png 1 1 1 399 399
img/235.png 1 1 1 399 399
img/2525.png 1 1 1 399 399
img/1992.png 1 1 1 399 399
img/2243.png 1 1 1 399 399
img/2257.png 1 1 1 399 399
img/1986.png 1 1 1 399 399
img/2531.png 1 1 1 399 399
img/2519.png 1 1 1 399 399
img/1776.png 1 1 1 399 399
img/1762.png 1 1 1 399 399
img/1763.png 1 1 1 399 399
img/2518.png 1 1 1 399 399
img/1777.png 1 1 1 399 399
img/1987.png 1 1 1 399 399
img/2256.png 1 1 1 399 399
img/2530.png 1 1 1 399 399
img/2524.png 1 1 1 399 399
img/2242.png 1 1 1 399 399
img/1993.png 1 1 1 399 399
img/234.png 1 1 1 399 399
img/1978.png 1 1 1 399 399
img/220.png 1 1 1 399 399
img/2295.png 1 1 1 399 399
img/208.png 1 1 1 399 399
img/1944.png 1 1 1 399 399
img/1788.png 1 1 1 399 399
img/1950.png 1 1 1 399 399
img/2281.png 1 1 1 399 399
img/1561.png 1 1 1 399 399
img/2068.png 1 1 1 399 399
img/1575.png 1 1 1 399 399
img/2732.png 1 1 1 399 399
img/2054.png 1 1 1 399 399
img/1549.png 1 1 1 399 399
img/2040.png 1 1 1 399 399
img/2726.png 1 1 1 399 399
img/2097.png 1 1 1 399 399
img/2083.png 1 1 1 399 399
img/181.png 1 1 1 399 399
img/2108.png 1 1 1 399 399
img/195.png 1 1 1 399 399
img/43.png 1 1 1 399 399
img/803.png 1 1 1 399 399
img/2646.png 1 1 1 399 399
img/2120.png 1 1 1 399 399
img/2134.png 1 1 1 399 399
img/5.png 1 1 1 399 399
img/57.png 1 1 1 399 399
img/817.png 1 1 1 399 399
img/142.png 1 1 1 399 399
img/156.png 1 1 1 399 399
img/80.png 1 1 1 399 399
img/94.png 1 1 1 399 399
img/2691.png 1 1 1 399 399
img/1617.png 1 1 1 399 399
img/2478.png 1 1 1 399 399
img/1603.png 1 1 1 399 399
img/2322.png 1 1 1 399 399
img/2444.png 1 1 1 399 399
img/2336.png 1 1 1 399 399
img/1818.png 1 1 1 399 399
img/1830.png 1 1 1 399 399
img/2487.png 1 1 1 399 399
img/2493.png 1 1 1 399 399
img/1824.png 1 1 1 399 399
img/2485.png 1 1 1 399 399
img/1832.png 1 1 1 399 399
img/1826.png 1 1 1 399 399
img/2491.png 1 1 1 399 399
img/2446.png 1 1 1 399 399
img/2320.png 1 1 1 399 399
img/1629.png 1 1 1 399 399
img/2334.png 1 1 1 399 399
img/2452.png 1 1 1 399 399
img/1615.png 1 1 1 399 399
img/2308.png 1 1 1 399 399
img/1601.png 1 1 1 399 399
img/82.png 1 1 1 399 399
img/2687.png 1 1 1 399 399
img/2693.png 1 1 1 399 399
img/96.png 1 1 1 399 399
img/168.png 1 1 1 399 399
img/140.png 1 1 1 399 399
img/154.png 1 1 1 399 399
img/2122.png 1 1 1 399 399
img/2644.png 1 1 1 399 399
img/801.png 1 1 1 399 399
img/41.png 1 1 1 399 399
img/815.png 1 1 1 399 399
img/55.png 1 1 1 399 399
img/2650.png 1 1 1 399 399
img/7.png 1 1 1 399 399
img/2136.png 1 1 1 399 399
img/183.png 1 1 1 399 399
img/2678.png 1 1 1 399 399
img/829.png 1 1 1 399 399
img/69.png 1 1 1 399 399
img/197.png 1 1 1 399 399
img/2095.png 1 1 1 399 399
img/1588.png 1 1 1 399 399
img/2081.png 1 1 1 399 399
img/2056.png 1 1 1 399 399
img/2730.png 1 1 1 399 399
img/2724.png 1 1 1 399 399
img/2042.png 1 1 1 399 399
img/1563.png 1 1 1 399 399
img/2718.png 1 1 1 399 399
img/1577.png 1 1 1 399 399
img/1946.png 1 1 1 399 399
img/2283.png 1 1 1 399 399
img/1952.png 1 1 1 399 399
img/236.png 1 1 1 399 399
img/222.png 1 1 1 399 399
img/2532.png 1 1 1 399 399
img/2254.png 1 1 1 399 399
img/1985.png 1 1 1 399 399
img/1749.png 1 1 1 399 399
img/2526.png 1 1 1 399 399
img/1761.png 1 1 1 399 399
img/2268.png 1 1 1 399 399
img/1775.png 1 1 1 399 399
img/1774.png 1 1 1 399 399
img/2269.png 1 1 1 399 399
img/1760.png 1 1 1 399 399
img/2241.png 1 1 1 399 399
img/1990.png 1 1 1 399 399
img/1748.png 1 1 1 399 399
img/2527.png 1 1 1 399 399
img/1984.png 1 1 1 399 399
img/2255.png 1 1 1 399 399
img/223.png 1 1 1 399 399
img/237.png 1 1 1 399 399
img/1953.png 1 1 1 399 399
img/2282.png 1 1 1 399 399
img/2296.png 1 1 1 399 399
img/2719.png 1 1 1 399 399
img/1576.png 1 1 1 399 399
img/1562.png 1 1 1 399 399
img/2725.png 1 1 1 399 399
img/2043.png 1 1 1 399 399
img/2057.png 1 1 1 399 399
img/2731.png 1 1 1 399 399
img/2080.png 1 1 1 399 399
img/1589.png 1 1 1 399 399
img/2094.png 1 1 1 399 399
img/68.png 1 1 1 399 399
img/828.png 1 1 1 399 399
img/196.png 1 1 1 399 399
img/182.png 1 1 1 399 399
img/2679.png 1 1 1 399 399
img/54.png 1 1 1 399 399
img/814.png 1 1 1 399 399
img/2137.png 1 1 1 399 399
img/6.png 1 1 1 399 399
img/2123.png 1 1 1 399 399
img/40.png 1 1 1 399 399
img/800.png 1 1 1 399 399
img/2645.png 1 1 1 399 399
img/155.png 1 1 1 399 399
img/141.png 1 1 1 399 399
img/2692.png 1 1 1 399 399
img/169.png 1 1 1 399 399
img/2686.png 1 1 1 399 399
img/1600.png 1 1 1 399 399
img/2309.png 1 1 1 399 399
img/1614.png 1 1 1 399 399
img/2335.png 1 1 1 399 399
img/2453.png 1 1 1 399 399
img/2447.png 1 1 1 399 399
img/1628.png 1 1 1 399 399
img/2321.png 1 1 1 399 399
img/1827.png 1 1 1 399 399
img/2490.png 1 1 1 399 399
img/2484.png 1 1 1 399 399
img/1833.png 1 1 1 399 399
img/1837.png 1 1 1 399 399
img/2480.png 1 1 1 399 399
img/2494.png 1 1 1 399 399
img/1823.png 1 1 1 399 399
img/1610.png 1 1 1 399 399
img/2319.png 1 1 1 399 399
img/1604.png 1 1 1 399 399
img/2325.png 1 1 1 399 399
img/2443.png 1 1 1 399 399
img/1638.png 1 1 1 399 399
img/2331.png 1 1 1 399 399
img/145.png 1 1 1 399 399
img/151.png 1 1 1 399 399
img/87.png 1 1 1 399 399
img/2682.png 1 1 1 399 399
img/179.png 1 1 1 399 399
img/2696.png 1 1 1 399 399
img/93.png 1 1 1 399 399
img/838.png 1 1 1 399 399
img/78.png 1 1 1 399 399
img/186.png 1 1 1 399 399
img/192.png 1 1 1 399 399
img/2669.png 1 1 1 399 399
img/804.png 1 1 1 399 399
img/44.png 1 1 1 399 399
img/2127.png 1 1 1 399 399
img/2.png 1 1 1 399 399
img/2133.png 1 1 1 399 399
img/810.png 1 1 1 399 399
img/50.png 1 1 1 399 399
img/2090.png 1 1 1 399 399
img/1599.png 1 1 1 399 399
img/2084.png 1 1 1 399 399
img/2709.png 1 1 1 399 399
img/1566.png 1 1 1 399 399
img/1572.png 1 1 1 399 399
img/2735.png 1 1 1 399 399
img/2053.png 1 1 1 399 399
img/2047.png 1 1 1 399 399
img/2721.png 1 1 1 399 399
img/233.png 1 1 1 399 399
img/227.png 1 1 1 399 399
img/1943.png 1 1 1 399 399
img/2292.png 1 1 1 399 399
img/2286.png 1 1 1 399 399
img/1957.png 1 1 1 399 399
img/1764.png 1 1 1 399 399
img/1770.png 1 1 1 399 399
img/2251.png 1 1 1 399 399
img/1758.png 1 1 1 399 399
img/1980.png 1 1 1 399 399
img/2537.png 1 1 1 399 399
img/2523.png 1 1 1 399 399
img/1994.png 1 1 1 399 399
img/2245.png 1 1 1 399 399
img/2522.png 1 1 1 399 399
img/2244.png 1 1 1 399 399
img/1995.png 1 1 1 399 399
img/1759.png 1 1 1 399 399
img/2536.png 1 1 1 399 399
img/1771.png 1 1 1 399 399
img/2278.png 1 1 1 399 399
img/1765.png 1 1 1 399 399
img/1956.png 1 1 1 399 399
img/2293.png 1 1 1 399 399
img/1942.png 1 1 1 399 399
img/226.png 1 1 1 399 399
img/2046.png 1 1 1 399 399
img/2720.png 1 1 1 399 399
img/2734.png 1 1 1 399 399
img/2052.png 1 1 1 399 399
img/1573.png 1 1 1 399 399
img/2708.png 1 1 1 399 399
img/1567.png 1 1 1 399 399
img/2085.png 1 1 1 399 399
img/1598.png 1 1 1 399 399
img/2091.png 1 1 1 399 399
img/2132.png 1 1 1 399 399
img/3.png 1 1 1 399 399
img/51.png 1 1 1 399 399
img/811.png 1 1 1 399 399
img/45.png 1 1 1 399 399
img/805.png 1 1 1 399 399
img/2640.png 1 1 1 399 399
img/2126.png 1 1 1 399 399
img/193.png 1 1 1 399 399
img/2668.png 1 1 1 399 399
img/79.png 1 1 1 399 399
img/839.png 1 1 1 399 399
img/187.png 1 1 1 399 399
img/92.png 1 1 1 399 399
img/2697.png 1 1 1 399 399
img/2683.png 1 1 1 399 399
img/86.png 1 1 1 399 399
img/178.png 1 1 1 399 399
img/150.png 1 1 1 399 399
img/144.png 1 1 1 399 399
img/2330.png 1 1 1 399 399
img/2324.png 1 1 1 399 399
img/2442.png 1 1 1 399 399
img/1605.png 1 1 1 399 399
img/2318.png 1 1 1 399 399
img/1611.png 1 1 1 399 399
img/2495.png 1 1 1 399 399
img/1822.png 1 1 1 399 399
img/1836.png 1 1 1 399 399
img/2481.png 1 1 1 399 399
img/1808.png 1 1 1 399 399
img/1820.png 1 1 1 399 399
img/2497.png 1 1 1 399 399
img/2483.png 1 1 1 399 399
img/1834.png 1 1 1 399 399
img/1607.png 1 1 1 399 399
img/2468.png 1 1 1 399 399
img/1613.png 1 1 1 399 399
img/2332.png 1 1 1 399 399
img/2454.png 1 1 1 399 399
img/2440.png 1 1 1 399 399
img/2326.png 1 1 1 399 399
img/152.png 1 1 1 399 399
img/146.png 1 1 1 399 399
img/2695.png 1 1 1 399 399
img/90.png 1 1 1 399 399
img/84.png 1 1 1 399 399
img/2681.png 1 1 1 399 399
img/191.png 1 1 1 399 399
img/2118.png 1 1 1 399 399
img/185.png 1 1 1 399 399
img/813.png 1 1 1 399 399
img/53.png 1 1 1 399 399
img/1.png 1 1 1 399 399
img/2124.png 1 1 1 399 399
img/2642.png 1 1 1 399 399
img/807.png 1 1 1 399 399
img/47.png 1 1 1 399 399
img/2087.png 1 1 1 399 399
img/2093.png 1 1 1 399 399
img/1571.png 1 1 1 399 399
img/2078.png 1 1 1 399 399
img/1565.png 1 1 1 399 399
img/2722.png 1 1 1 399 399
img/2044.png 1 1 1 399 399
img/1559.png 1 1 1 399 399
img/2050.png 1 1 1 399 399
img/2736.png 1 1 1 399 399
img/1968.png 1 1 1 399 399
img/224.png 1 1 1 399 399
img/2285.png 1 1 1 399 399
img/1954.png 1 1 1 399 399
img/218.png 1 1 1 399 399
img/1940.png 1 1 1 399 399
img/1798.png 1 1 1 399 399
img/2291.png 1 1 1 399 399
img/1773.png 1 1 1 399 399
img/2508.png 1 1 1 399 399
img/1767.png 1 1 1 399 399
img/1997.png 1 1 1 399 399
img/2246.png 1 1 1 399 399
img/2520.png 1 1 1 399 399
img/2534.png 1 1 1 399 399
img/2252.png 1 1 1 399 399
img/2535.png 1 1 1 399 399
img/2253.png 1 1 1 399 399
img/1996.png 1 1 1 399 399
img/2521.png 1 1 1 399 399
img/2509.png 1 1 1 399 399
img/1766.png 1 1 1 399 399
img/1772.png 1 1 1 399 399
img/2290.png 1 1 1 399 399
img/1799.png 1 1 1 399 399
img/1941.png 1 1 1 399 399
img/219.png 1 1 1 399 399
img/1955.png 1 1 1 399 399
img/2284.png 1 1 1 399 399
img/231.png 1 1 1 399 399
img/225.png 1 1 1 399 399
img/2051.png 1 1 1 399 399
img/1558.png 1 1 1 399 399
img/2737.png 1 1 1 399 399
img/2723.png 1 1 1 399 399
img/2045.png 1 1 1 399 399
img/1564.png 1 1 1 399 399
img/2079.png 1 1 1 399 399
img/1570.png 1 1 1 399 399
img/2092.png 1 1 1 399 399
img/2086.png 1 1 1 399 399
img/2125.png 1 1 1 399 399
img/46.png 1 1 1 399 399
img/806.png 1 1 1 399 399
img/2643.png 1 1 1 399 399
img/52.png 1 1 1 399 399
img/812.png 1 1 1 399 399
img/2131.png 1 1 1 399 399
img/0.png 1 1 1 399 399
img/184.png 1 1 1 399 399
img/2119.png 1 1 1 399 399
img/190.png 1 1 1 399 399
img/85.png 1 1 1 399 399
img/91.png 1 1 1 399 399
img/2694.png 1 1 1 399 399
img/147.png 1 1 1 399 399
img/153.png 1 1 1 399 399
img/2441.png 1 1 1 399 399
img/2327.png 1 1 1 399 399
img/2333.png 1 1 1 399 399
img/2455.png 1 1 1 399 399
img/1612.png 1 1 1 399 399
img/1606.png 1 1 1 399 399
img/2469.png 1 1 1 399 399
img/2482.png 1 1 1 399 399
img/1835.png 1 1 1 399 399
img/1821.png 1 1 1 399 399
img/2496.png 1 1 1 399 399
img/1809.png 1 1 1 399 399